0 0.00256276 0.00102878 0.00568473 0.0437347 0.00256276 0.0323222 0.0167189 
0.00256276 0 0.00360084 0.00826871 0.0412776 0 0.0298359 0.0189646 
0.00102878 0.0035879 0 0.00465119 0.0447174 0.0035879 0.0333167 0.0154321 
0.00568473 0.00826871 0.00465119 0 0.04914 0.00820094 0.0377921 0.0108527 
0.0437347 0.0412776 0.0447174 0.04914 0 0.0430548 0.0119344 0.0594594 
0.00256276 0 0.0035879 0.00820094 0.0430548 0 0.0298359 0.0189646 
0.0323222 0.0298359 0.0333167 0.0377921 0.0119344 0.0298359 0 0.0482347 
0.0167189 0.0189646 0.0154321 0.0108527 0.0594594 0.0189646 0.0482347 0 
