0 0.243613 0.251805 0.155804 0.0337756 0.305695 0.341541 0.179208 0.0180941 0.18456 0.261141 0.0664414 0.0323786 0.210476 0.296265 0.17348 
0.243613 0 0.0109489 0.104015 0.269161 0.082077 0.129468 0.0784671 0.257299 0.104015 0.0231729 0.189781 0.267336 0.0419708 0.0696095 0.084854 
0.251805 0.0109489 0 0.113718 0.277076 0.0720268 0.119936 0.0884476 0.265343 0.113718 0.0124777 0.198556 0.275271 0.0523466 0.0594227 0.0947654 
0.155804 0.104015 0.113718 0 0.184318 0.177554 0.220016 0.0277228 0.171079 0 0.124777 0.095723 0.182281 0.0647619 0.166384 0.0209372 
0.0337756 0.269161 0.277076 0.184318 0 0.329146 0.363781 0.206931 0.0162297 0.184318 0.286096 0.097973 0.00249684 0.237143 0.320034 0.252185 
0.305695 0.082077 0.0720268 0.177554 0.329146 0 0.0516283 0.154104 0.318258 0.177554 0.0603015 0.256281 0.327471 0.120603 0.0135823 0.159967 
0.341541 0.129468 0.119936 0.220016 0.363781 0.0516283 0 0.197776 0.353455 0.220016 0.108817 0.294678 0.362192 0.166005 0.0643368 0.203336 
0.179208 0.0784671 0.0884476 0.0277228 0.206931 0.154104 0.197776 0 0.194059 0.0285132 0.0998217 0.120792 0.204951 0.0380952 0.142615 0.00697911 
0.0180941 0.257299 0.265343 0.171079 0.0159705 0.318258 0.353455 0.194059 0 0.171079 0.27451 0.0833333 0.0135135 0.224762 0.308998 0.188435 
0.155804 0.104015 0.113718 0 0.184318 0.177554 0.220016 0.0285132 0.171079 0 0.124777 0.095723 0.182281 0.0647619 0.166384 0.0209372 
0.261141 0.0231729 0.0124777 0.124777 0.286096 0.0603015 0.108817 0.0998217 0.27451 0.124777 0 0.208556 0.39726 0.0685714 0.0475382 0.106061 
0.0664414 0.234234 0.198556 0.095723 0.097973 0.256281 0.294678 0.120792 0.0833333 0.105856 0.208556 0 0.0957207 0.182432 0.24618 0.114656 
0.0313631 0.267336 0.275271 0.182281 0.00249684 0.327471 0.362192 0.204951 0.0135135 0.182281 0.39726 0.0957207 0 0.235238 0.318336 0.199402 
0.210476 0.0419708 0.0523466 0.0692464 0.237143 0.120603 0.166005 0.0396039 0.224762 0.0647619 0.0641711 0.154286 0.235238 0 0.108659 0.0447619 
0.296265 0.0696095 0.0594227 0.166384 0.320034 0.0135823 0.0643368 0.142615 0.308998 0.166384 0.0475382 0.24618 0.318336 0.108659 0 0.148557 
0.17348 0.084854 0.0947654 0.0209372 0.201396 0.159967 0.203336 0.00697911 0.188435 0.021385 0.106061 0.114656 0.199402 0.0447619 0.148557 0 
