0 0.207317 0.275093 0.164882 0.0556901 0.273066 0.352159 0.209726 0.0333334 0.219219 0.282429 0.221557 0.115646 0.312169 0.33162 0.140022 
0.207317 0 0.0855018 0.050813 0.160569 0.082945 0.182724 0.00304878 0.23374 0.0152439 0.0947562 0.0182927 0.103659 0.152439 0.156812 0.078252 
0.275093 0.0855018 0 0.13197 0.232342 0.00279593 0.106312 0.0827138 0.299257 0.0715613 0.010223 0.0687732 0.180297 0.0539033 0.0779777 0.157063 
0.164882 0.050813 0.13197 0 0.115632 0.129543 0.224252 0.0536981 0.192719 0.0650651 0.140754 0.0728052 0.0556745 0.176367 0.199657 0.0289079 
0.0556901 0.160569 0.232342 0.115632 0 0.230196 0.313953 0.163121 0.0871671 0.173173 0.24011 0.175649 0.0634921 0.271605 0.292202 0.0893054 
0.273066 0.082945 0.00279593 0.129543 0.230196 0 0.108804 0.0801491 0.297297 0.0689655 0.0130476 0.0661696 0.178006 0.05685 0.0876049 0.154706 
0.352159 0.182724 0.106312 0.224252 0.313953 0.108804 0 0.180233 0.373754 0.205205 0.0971761 0.167774 0.267442 0.0581396 0.0317053 0.246678 
0.209726 0.00304878 0.0827138 0.0536981 0.163121 0.0801491 0.180233 0 0.236069 0.012012 0.0919963 0.0151975 0.106383 0.12963 0.154242 0.0810537 
0.0333334 0.23374 0.299257 0.192719 0.0871671 0.297297 0.373754 0.236069 0 0.245245 0.306348 0.247505 0.145125 0.335097 0.353899 0.168688 
0.219219 0.0152439 0.0715613 0.0650651 0.173173 0.0689655 0.170266 0.012012 0.245245 0 0.0809568 0.003003 0.117117 0.119048 0.143959 0.0920921 
0.282429 0.0947562 0.010223 0.140754 0.24011 0.0130476 0.0971761 0.0919963 0.306348 0.0809568 0 0.0781969 0.188592 0.0414462 0.0685518 0.165593 
0.221557 0.0182927 0.0687732 0.0728052 0.175649 0.0661696 0.167774 0.0151975 0.247505 0.003003 0.0781969 0 0.11976 0.116402 0.141388 0.104741 
0.115646 0.103659 0.180297 0.0556745 0.0634921 0.178006 0.267442 0.106383 0.145125 0.117117 0.188592 0.11976 0 0.222222 0.244216 0.0275634 
0.312169 0.132275 0.0539033 0.176367 0.271605 0.05685 0.0581396 0.12963 0.335097 0.119048 0.0414462 0.116402 0.222222 0 0.0282776 0.200176 
0.33162 0.156812 0.0779777 0.199657 0.292202 0.0876049 0.0317053 0.154242 0.353899 0.143959 0.0685518 0.141388 0.244216 0.0282776 0 0.222793 
0.140022 0.078252 0.157063 0.0297685 0.0893054 0.154706 0.246678 0.0882028 0.168688 0.0920921 0.165593 0.104741 0.0275634 0.200176 0.222793 0 
