0 0.0760425 0.0827922 0.0263397 0.189474 0.14717 0.179971 0.0823009 0.060177 0.0767974 0.0380532 0.047266 0.224779 0.0212389 0.178779 0.1301 
0.0760425 0 0.00735891 0.0997547 0.287368 0.0834014 0.126737 0 0.131643 0.000817001 0.0408831 0.117743 0.283729 0.0956664 0.111192 0.0585065 
0.0827922 0.00735891 0 0.106331 0.228896 0.0701887 0.118507 0.0073052 0.137987 0.00653601 0.0478896 0.141798 0.288961 0.102273 0.104651 0.0515782 
0.0263397 0.0997547 0.106331 0 0.137148 0.203451 0.201016 0.110808 0.0367231 0.10049 0.0613811 0.0203892 0.20436 0.00454128 0.199855 0.152425 
0.189474 0.287368 0.228896 0.158947 0 0.283019 0.310595 0.223222 0.117895 0.288421 0.190111 0.13579 0.0778947 0.164211 0.309593 0.268668 
0.14717 0.0834014 0.075487 0.169057 0.283019 0 0.0384616 0.0769811 0.198491 0.0762264 0.129582 0.18566 0.338868 0.165283 0.037064 0.0200154 
0.179971 0.126737 0.118507 0.251589 0.310595 0.0384616 0 0.112482 0.229318 0.111756 0.148766 0.216981 0.364296 0.197388 0.00145352 0.0573295 
0.0823009 0 0.0073052 0.110808 0.223222 0.0769811 0.112482 0 0.131643 0.000817001 0.0408831 0.117743 0.283729 0.0956664 0.111192 0.0585065 
0.060177 0.131643 0.137987 0.0367231 0.117895 0.198491 0.229318 0.131643 0 0.132353 0.10452 0.0157554 0.175141 0.0414313 0.228198 0.182448 
0.0767974 0.000817001 0.00653601 0.10049 0.288421 0.0762264 0.111756 0.000817001 0.132353 0 0.0416667 0.118464 0.284314 0.0964052 0.110465 0.0577367 
0.0380532 0.0408831 0.0478896 0.0613811 0.190111 0.129582 0.148766 0.0408831 0.10452 0.0416667 0 0.0871177 0.253197 0.0605787 0.147529 0.0969977 
0.0451328 0.133457 0.141798 0.0199819 0.119555 0.18566 0.216981 0.117743 0.0157554 0.118464 0.0871177 0 0.188137 0.0250232 0.215843 0.169361 
0.224779 0.283729 0.288961 0.20436 0.0778947 0.338868 0.364296 0.283729 0.175141 0.284314 0.253197 0.188137 0 0.207957 0.363372 0.325635 
0.0216998 0.0956664 0.102273 0.00454128 0.141049 0.165283 0.197388 0.0956664 0.0414313 0.0964052 0.0605787 0.0250232 0.207957 0 0.196221 0.148576 
0.178779 0.111192 0.104651 0.199855 0.309593 0.037064 0.00145352 0.111192 0.228198 0.110465 0.147529 0.215843 0.363372 0.196221 0 0.0559593 
0.1301 0.0585065 0.0515782 0.152425 0.268668 0.0196226 0.060816 0.0585065 0.182448 0.0577367 0.0969977 0.169361 0.325635 0.148576 0.0559593 0 
