0 0.0410959 0.0269828 0.0818182 0.230252 0.00167787 0.111765 0.0673981 0.0205832 0.132773 0.0378152 0.217647 0.257143 0.0302521 0.121123 0.156028 
0.0410959 0 0.0145044 0.113618 0.261886 0.0411074 0.0619804 0.0274295 0.0643225 0.0793769 0.0838428 0.249799 0.287671 0.0701048 0.0834564 0.119858 
0.0269828 0.0145044 0 0.100572 0.251022 0.0253475 0.0755858 0.043336 0.0466067 0.09273 0.0681223 0.238757 0.277187 0.0564187 0.0967504 0.132624 
0.0818182 0.113618 0.100572 0 0.167273 0.0771812 0.202727 0.137931 0.0566038 0.225455 0.0393013 0.153636 0.196364 0.0467938 0.187592 0.219858 
0.230252 0.261886 0.251022 0.167273 0 0.231544 0.307634 0.282132 0.214408 0.320475 0.2 0.0161117 0.0349345 0.206239 0.323486 0.350355 
0.00167787 0.0411074 0.0253475 0.0836364 0.231544 0 0.0990174 0.0704699 0.0218121 0.115727 0.0394295 0.21896 0.258389 0.0318792 0.119645 0.15461 
0.100529 0.0619804 0.0817661 0.202727 0.307634 0.0990174 0 0.0355253 0.11867 0.018546 0.155459 0.296296 0.331822 0.146447 0.0228951 0.0617021 
0.0673981 0.028203 0.043336 0.137931 0.282132 0.0704699 0.0355253 0 0.0862069 0.0534124 0.102665 0.270376 0.30721 0.0956113 0.0576071 0.0950354 
0.0205832 0.0643225 0.0466067 0.0599999 0.214408 0.0218121 0.11867 0.0862069 0 0.135015 0.0180103 0.201544 0.241852 0.0103986 0.138848 0.17305 
0.117211 0.0793769 0.09273 0.225455 0.320475 0.130872 0.018546 0.0534124 0.135015 0 0.150593 0.309347 0.344214 0.143917 0.00443131 0.0439717 
0.0378152 0.0838428 0.0681223 0.0393013 0.2 0.0394295 0.155459 0.102665 0.0183406 0.150593 0 0.1869 0.227948 0.00779897 0.154357 0.187943 
0.217647 0.249799 0.238757 0.153636 0.0161117 0.21896 0.296296 0.270376 0.201544 0.309347 0.1869 0 0.0504833 0.193241 0.312408 0.339716 
0.257143 0.287671 0.277187 0.196364 0.0349345 0.258389 0.331822 0.30721 0.241852 0.344214 0.295249 0.0504833 0 0.233969 0.34712 0.37305 
0.0311959 0.0701048 0.059792 0.0467938 0.206239 0.0318792 0.12774 0.105719 0.0103986 0.143917 0.00779897 0.193241 0.233969 0 0.147711 0.18156 
0.121123 0.0834564 0.0967504 0.187592 0.323486 0.119645 0.0228951 0.0576071 0.138848 0.00443131 0.154357 0.312408 0.34712 0.147711 0 0.0397163 
0.156028 0.119858 0.152903 0.219858 0.350355 0.15461 0.0617021 0.0950354 0.17305 0.0439717 0.187943 0.339716 0.37305 0.18156 0.0397163 0 
