0 0.0261628 0.0204082 0.00289857 0.0204082 0.000484705 0.0114943 0.000968993 
0.0261628 0 0.046037 0.0289855 0.046037 0.0256907 0.0373563 0.0252182 
0.0204082 0.046037 0 0.0178744 0 0.0208828 0.0090996 0.0213574 
0.00289857 0.0289855 0.0178744 0 0.0178744 0.00338167 0.00862068 0.00386471 
0.0204082 0.046037 0 0.0178744 0 0.0208828 0.00901759 0.0213574 
0.000484705 0.0256907 0.0208828 0.00338167 0.0208828 0 0.0119732 0.000484705 
0.0114943 0.0373563 0.0090996 0.00862068 0.00901759 0.0119732 0 0.0124521 
0.000968993 0.0252182 0.0213574 0.00386471 0.0213574 0.000484705 0.0124521 0 
