0 0.194211 0.261762 0.101042 0.0382387 0.287954 0.342727 0.209707 0.0336037 0.230152 0.270499 0.158049 0.00918484 0.228776 0.306827 0.173372 
0.194211 0 0.0838323 0.103641 0.225023 0.116337 0.184311 0.0196079 0.221289 0.0466853 0.0946745 0.0429505 0.186741 0.0428954 0.139759 0.0252101 
0.261762 0.0838323 0 0.178785 0.289991 0.0354785 0.109672 0.0658683 0.28657 0.0410607 0.0118343 0.123182 0.254919 0.0446827 0.0610442 0.106929 
0.101042 0.103641 0.178785 0 0.135417 0.207921 0.26885 0.120879 0.13125 0.143622 0.188504 0.0634146 0.0927083 0.142091 0.228916 0.0804598 
0.0382387 0.225023 0.289991 0.135417 0 0.315181 0.36786 0.239927 0.00479615 0.25959 0.425301 0.190244 0.0470724 0.258266 0.333333 0.204981 
0.287954 0.116337 0.0354785 0.207921 0.315181 0 0.0769231 0.0990099 0.311881 0.0750825 0.0239274 0.15429 0.281353 0.0767327 0.0272278 0.138614 
0.342727 0.184311 0.109672 0.26885 0.36786 0.0769231 0 0.168317 0.364813 0.14623 0.0990099 0.219345 0.336634 0.147753 0.0517898 0.204874 
0.209707 0.0196079 0.0658683 0.120879 0.239927 0.0990099 0.168317 0 0.236264 0.0258698 0.0769231 0.0653659 0.202381 0.0241287 0.122892 0.045977 
0.0336037 0.221289 0.28657 0.13125 0.00479615 0.311881 0.364813 0.236264 0 0.256021 0.295013 0.186341 0.0443645 0.254692 0.330121 0.201149 
0.230152 0.0466853 0.0410607 0.167708 0.25959 0.0750825 0.14623 0.0258698 0.256021 0 0.0524091 0.0856378 0.223015 0.0017873 0.0995984 0.0686887 
0.270499 0.0946745 0.0118343 0.188504 0.425301 0.0239274 0.0990099 0.0769231 0.418465 0.0524091 0 0.133559 0.263736 0.0571939 0.0497992 0.117498 
0.158049 0.0429505 0.123182 0.0634146 0.190244 0.15429 0.219345 0.0653659 0.186341 0.0856378 0.133559 0 0.150244 0.0917073 0.176707 0.0181992 
0.00918484 0.186741 0.254919 0.0927083 0.0470724 0.281353 0.336634 0.202381 0.0424799 0.223015 0.263736 0.150244 0 0.221626 0.300402 0.165709 
0.228776 0.0428954 0.0446827 0.165625 0.258266 0.0767327 0.147753 0.0241287 0.254692 0.0017873 0.0540997 0.0917073 0.221626 0 0.101205 0.0670241 
0.306827 0.139759 0.0610442 0.228916 0.333333 0.0272278 0.0517898 0.122892 0.330121 0.0995984 0.0497992 0.176707 0.300402 0.101205 0 0.161446 
0.173372 0.0252101 0.106929 0.0804598 0.204981 0.138614 0.204874 0.045977 0.201149 0.0686887 0.117498 0.0181992 0.165709 0.0670241 0.161446 0 
